 
 
 入数     大函換算   ケース 数       バラ数        売上数     数量(ml) 
    6                   2                      12         9,000 
    6                   2                      12         9,000 
    6                   1                       6         4,500 
    6                   1                       6         4,500 
    6                   1                       6         4,500            
              2         7                      42        31,500 
    
    6                               5           5         3,750 
    6                               1           1           750 
    6                               2           2         1,500 
                                    8           8         6,000 
   
    6                               2           2          1,500 
    6                               1           1            700 
   12                               2           2          1,400 
    6                               1           1            700 
    6                               1           1            700 
                                    7           7          5,000 
    
    6                               1           1            700 
    6                               1           1            750 
    6                               1           1            700 
                                    3           8         2,150 
    
    6                               1           1            700 
    6                               1           1            700 
                                    2           2          1,400 
   
    6                               1           1            750 
   12                               1           1            700 
                                    2           2          1,450 
   
   12                               3          3          2,100 
                                    3          3          2,100 
   
    6                               1          1           750 
   24                               1          1           375 
                                    2          2           1,125 
    
    6                               1           1           750 
                                     1          1           750 
    
    6                               1           1           750 
                                     1          1           750 
    
    6                               1           1           700 
                                     1          1           700 
    
    6                               1           1           750 
