29273725111285577278                                                         1718
     -

1         202003261
20202202021--2020229 600015620 00015620
0018171
                       8         126.400            0                 0            8
001817                   8         126400       0                 0            8
001821
                       3          45.840            0                 0            3
001821                   3          45.840            0                 0            3
10019361272
                       1           15.800            0                  0             1
0019361                 1           15800             0                  0             1
002067127
                       6          89.400            0                 0            6
0020671                   6          89.400            0                 0            6
0020791
                    1          15.800             0        0 	1
00207912            1          15.800            0                 0            1
002170
                       1          14.800            0                 0            1
0021701                  1          14.800            0                 0            1
00217811     
                   3                 50.400          0            0           3
0021781            3          50.400            0                 0            3
00222110  
                       2          31.600            0                 0            2
00222110                   2          31.600            0                 0            2
00253212277    1    5
                       2          29.800            0                 0            2
002532122777              2          29.800            0                 0            2
00263517
                       4          67.200            0                 0            4
0026351                   4           67.200             0                  0             4
0026361      
                    1                15.280                   0              0          1
002636                    1          15.280            0                 0            1
002662        
                       2          31.600            0                 0            2
0026621             2          31600            0                 0            2
00268112277
                       1          16.800            0                 0            1
0026811757                1          16.800            0                 0            1
0026821      
                       2          33.600            0                 0            2
0026821                    2          33.600            0                 0            2
0026881
                       2          33.600            0                 0            2
0026881                    2          33.600            0                 0            2
00269410
                       2          31.600            0                 0            2
00269410                  2          31.600            0                 0            2
0026971
                4          67200            0                 0            4
002697           4          67.200            0                 0            4
002705 
                       1          16.800            0                 0            1
002705                 1          16.800            0                 0            1
0030061
                       1          16.800            0                 0            1
0030061-232             1          16.800            0                 0            1
003036194   
                       6          89.400            0                 0            6
00303697                  6          89.400            0                 0            6
     53     839.720     0      0    53
